0.33087810000870377	-0.0073
0.33370059996377677	-0.0073
0.337581800064072	-0.0049
0.34061459999065846	-0.0073
0.34366919996682554	-0.0049
0.34667220001574606	-0.0073
0.34959570004139096	-0.0073
0.3526296999771148	-0.0049
0.3566387000028044	-0.0049
0.35965320002287626	-0.0049
0.3626061000395566	-0.0049
0.36567199998535216	-0.0049
0.36870500002987683	-0.0049
0.3716293000616133	-0.0049
0.3746489000041038	-0.0049
0.3776289999950677	-0.0049
0.38048409996554255	-0.0049
0.3835164000047371	-0.0049
0.3866089000366628	-0.0024
0.3895392999984324	-0.0049
0.39358420006465167	-0.0073
0.39660099998582155	-0.0049
0.39958079997450113	-0.0049
0.4025656000012532	-0.0049
0.40554429998155683	-0.0024
0.408611600054428	-0.0073
0.411564200068824	-0.0024
0.41457869997248054	-0.0024
0.41757950000464916	-0.0024
0.42060910002328455	-0.0024
0.4235744000179693	-0.0049
0.42657440004404634	-0.0024
0.42957500007469207	-0.0049
0.43357930006459355	-0.0024
0.4365834000054747	-0.0049
0.4395754999713972	-0.0024
0.4425263999728486	-0.0024
0.44583240000065416	-0.0024
0.44880510005168617	-0.0049
0.45254620001651347	-0.0049
0.4555755000328645	-0.0049
0.45854240003973246	-0.0024
0.4617345000151545	-0.0049
0.4646675999974832	-0.0024
0.46781220007687807	-0.0024
0.4707260000286624	-0.0024
0.47372510004788637	-0.0024
0.47675410006195307	-0.0049
0.47981170006096363	-0.0024
0.48281560000032187	-0.0024
0.48576329997740686	-0.0024
0.4895963000599295	-0.0049
0.49283400003332645	-0.0024
0.49558470002375543	-0.0024
0.4987571999663487	-0.0024
0.501569600077346	-0.0024
0.5047959999646991	-0.0049
0.5075881000375375	-0.0024
0.5107435999670997	-0.0049
0.5138161000795662	0.0000
0.5167387999827042	-0.0024
0.5198085000738502	-0.0049
0.5225650999927893	-0.0024
0.5255689000478014	-0.0024
0.5297365000005811	-0.0024
0.5325907999649644	-0.0049
0.5355485000181943	0.0000
0.5385567999910563	-0.0024
0.5416242000646889	-0.0024
0.5445963999954984	-0.0024
0.5486290999688208	0.0000
0.5515513999853283	-0.0024
0.5546033000573516	-0.0024
0.5576109000248834	-0.0024
0.5605843999655917	-0.0024
0.563617300009355	-0.0024
0.56659609999042	-0.0024
0.5696180000668392	0.0000
0.5729772000340745	-0.0024
0.5756599999731407	0.0000
0.5786311000119895	-0.0024
0.5815401000436395	-0.0024
0.5855787000618875	0.0000
0.588506200001575	0.0000
0.5916774000506848	0.0000
0.5945396000752226	0.0000
0.5975861999904737	-0.0024
0.6006085000699386	-0.0024
0.6035449000773951	0.0000
0.6065509000327438	-0.0024
0.6096011999761686	-0.0024
0.6127819999819621	0.0000
0.615521700005047	-0.0024
0.6185811000177637	-0.0024
0.6219374000793323	-0.0024
0.625675700022839	-0.0024
0.6285636000102386	0.0000
0.6315161000238732	0.0000
0.6346121999667957	-0.0024
0.6377042999956757	-0.0024
0.6406396999955177	0.0000
0.6445622000610456	-0.0024
0.6475807999959216	-0.0024
0.6506018000654876	0.0000
0.6535433999961242	0.0000
0.6568260000785813	-0.0024
0.6596863999729976	0.0000
0.6628419000189751	0.0000
0.6655289999907836	-0.0024
0.6688076000427827	0.0000
0.6717815999872983	-0.0024
0.6745338999899104	0.0000
0.6775648000184447	0.0000
0.6815644999733195	0.0000
0.684605999966152	-0.0024
0.6875922000035644	0.0000
0.6905183000490069	-0.0024
0.6935158000560477	-0.0024
0.696636600070633	0.0000
0.6996402000077069	-0.0024
0.7028380000265315	0.0000
0.7058599999872968	0.0000
0.7087456000735983	-0.0024
0.7120135000441223	-0.0024
0.7148371000075713	0.0049
0.7176633999915794	-0.0024
0.7215599999763072	0.0000
0.7245956000406295	0.0000
0.7276336000068113	-0.0024
0.730540500022471	-0.0024
0.733654799987562	0.0000
0.7365473000099882	0.0000
0.7405073000118136	0.0049
0.7436484000645578	0.0000
0.7465789000270888	0.0000
0.7495375999715179	0.0000
0.7525452000554651	0.0000
0.755667999968864	0.0000
0.7586228000000119	0.0000
0.7615128000034019	-0.0024
0.7645055999746546	0.0049
0.7676123999990523	-0.0024
0.770656600012444	-0.0024
0.7735815000487491	-0.0024
0.7775325999828056	0.0000
0.7806776000652462	0.0049
0.7836002999683842	-0.0024
0.7865223999833688	0.0000
0.7895255000330508	0.0000
0.7925840000389144	0.0000
0.795537400059402	0.0000
0.7984712000470608	-0.0024
0.8016174000222236	-0.0024
0.8045227000257	-0.0024
0.8075887999730185	-0.0024
0.8105864999815822	0.0000
0.8135402000043541	0.0000
0.8175709000788629	0.0049
0.8205610000295565	0.0000
0.8237655999837443	0.0000
0.8265842000255361	0.0000
0.8295483000110835	0.0000
0.8325347000500187	0.0000
0.836573600070551	0.0000
0.839589299983345	0.0000
0.8424405000405386	0.0049
0.8455783000681549	0.0000
0.8489333000034094	0.0000
0.8516061999835074	0.0000
0.854620199999772	-0.0024
0.8576434999704361	0.0000
0.8605421000393108	0.0000
0.8636709999991581	-0.0049
0.8665429999819025	0.0073
0.8695847999770194	-0.0024
0.8735212000319734	0.0000
0.8766520000062883	0.0000
0.8797648000763729	-0.0024
0.8826465000165626	0.0000
0.8855483999941498	-0.0024
0.8886446000542492	0.0000
0.8917676999699324	-0.0024
0.8946042000316083	0.0073
0.8976011000340804	-0.0024
0.9005929999984801	0.0049
0.9035452000098303	0.0000
0.9065222999779508	0.0000
0.909686499973759	0.0000
0.9135698999743909	0.0049
0.9166116999695078	0.0000
0.9198430000105873	0.0000
0.9227960000280291	-0.0024
0.925805400009267	0.0049
0.928768299985677	0.0000
0.9325047000311315	0.0000
0.9355962000554428	0.0000
0.9385805000783876	0.0000
0.9415439000586048	0.0000
0.9445588999660686	0.0000
0.9475683000637218	0.0000
0.9505897000199184	0.0049
0.9535610000602901	0.0000
0.9575136000057682	0.0000
0.9606078000506386	-0.0024
0.9636143000097945	-0.0024
0.966615500045009	-0.0024
0.9706298999954015	0.0000
0.974899800028652	0.0049
0.9786036000587046	0.0000
0.9815815000329167	0.0000
0.9846337999915704	0.0000
0.9881277000531554	0.0000
0.9914660999784246	0.0049
0.9945693999761716	0.0049
0.9975899000419304	-0.0024
1.000726200058125	0.0000
1.0035454999888316	0.0000
1.0072400000644848	0.0000
1.0106480000540614	0.0049
1.0147399000125006	0.0000
1.017732399981469	-0.0024
1.02439829998184	0.0073
1.027653899975121	-0.0024
1.0305101000703871	0.0000
1.0335019000340253	0.0000
1.0375683000311255	0.0049
1.0407351000467315	0.0000
1.043645599973388	-0.0024
1.0465403000125661	0.0049
1.0496312000323087	0.0000
1.052550800028257	0.0049
1.0556055000051856	0.0000
1.0585841999854892	0.0000
1.0614892999874428	0.0049
1.064822299988009	0.0049
1.0678275000536814	-0.0024
1.0705261999974027	0.0000
1.0745698000537232	0.0000
1.0776899000629783	0.0049
1.0805263000074774	0.0049
1.083560400060378	0.0000
1.0868270000210032	0.0000
1.0898300000699237	0.0049
1.0924919999670237	0.0000
1.0956900999881327	0.0049
1.0986335000488907	0.0049
1.1016031000763178	0.0049
1.10482700006105	0.0000
1.1076018000021577	0.0049
1.110599200008437	0.0000
1.1145513000665233	0.0073
1.1175093000056222	0.0000
1.1208331000525504	0.0000
1.1235177000053227	0.0049
1.1266926999669522	0.0000
1.1296695000492036	0.0073
1.1338037999812514	0.0000
1.1365222000749782	0.0049
1.1395143000409007	0.0000
1.1426296000136063	0.0049
1.14561520004645	0.0049
1.1485119999852031	0.0049
1.1514947999967262	0.0000
1.1545670999912545	0.0073
1.1575615999754518	0.0000
1.160550200031139	0.0049
1.163516000029631	0.0000
1.166536599979736	0.0049
1.1705317000159994	0.0000
1.1736221000319347	0.0000
1.176555800018832	0.0049
1.1795295000774786	-0.0024
1.182477500056848	0.0000
1.185574600007385	0.0049
1.188611000077799	0.0049
1.191491900011897	0.0000
1.1946382999885827	0.0049
1.1975080000702292	0.0000
1.2005235999822617	0.0049
1.2036378000630066	0.0000
1.2071018000133336	0.0000
1.2115931999869645	0.0049
1.214655900024809	0.0049
1.21748310001567	0.0000
1.2205418000230566	0.0000
1.2239887000760064	0.0073
1.2264993999851868	0.0000
1.2305245000170544	0.0073
1.233520200010389	0.0000
1.2365747999865562	0.0049
1.2396025999914855	0.0049
1.2425100000109524	0.0000
1.2455679000122473	0.0073
1.248936100048013	0.0000
1.2515834000660107	0.0000
1.2545766000403091	0.0073
1.2575230000074953	0.0049
1.260563199990429	0.0049
1.263564300024882	0.0000
1.267487799981609	0.0000
1.2706107000121847	0.0073
1.2737509000580758	-0.0024
1.2766096000559628	0.0049
1.2796334000304341	0.0049
1.2826838999753818	0.0073
1.2855952000245452	0.0073
1.2885940000414848	0.0000
1.2915228999918327	0.0049
1.2946657000575215	0.0073
1.2976720000151545	0.0049
1.3006035999860615	0.0073
1.3036249000579119	0.0049
1.3075807000277564	0.0073
1.3107136000180617	0.0073
1.3135913000442088	0.0000
1.3165945999789983	0.0073
1.319671000004746	-0.0024
1.322786399978213	0.0073
1.3265607999637723	0.0049
1.3297806000337005	0.0073
1.3325658000539988	0.0049
1.335587100009434	0.0049
1.3386016000295058	0.0073
1.3415755999740213	0.0000
1.3446455000666901	0.0073
1.3476498000090942	0.0000
1.3508142000064254	0.0049
1.3536287000169978	0.0049
1.3565486000152305	0.0073
1.3597201000666246	0.0073
1.3636749000288546	0.0073
1.3665264999726787	0.0049
1.3695820000721142	0.0073
1.372635200037621	0.0073
1.375612000003457	0.0049
1.3786027000751346	0.0049
1.381868900032714	0.0073
1.384640800068155	0.0049
1.3875785999698564	0.0073
1.39052170002833	0.0000
1.3946770000038669	0.0073
1.3975815000012517	0.0000
1.4005427999654785	0.0073
1.404659099993296	0.0000
1.4094780000159517	0.0098
1.4126650000689551	0.0049
1.4159817000618204	0.0073
1.4185877999989316	0.0073
1.421646500006318	0.0073
1.4261930000502616	0.0073
1.4287154000485316	0.0073
1.4316615000134334	0.0073
1.434703000006266	0.0073
1.4375531000550836	0.0073
1.4406033999985084	0.0049
1.4435059999814257	0.0073
1.4466470000334084	0.0073
1.4496179000707343	0.0073
1.4524403000250459	0.0073
1.4556490000104532	0.0073
1.45876369997859	0.0073
1.4626762999687344	0.0049
1.465604200027883	0.0073
1.4686195000540465	0.0073
1.4716155000496656	0.0073
1.4745700000785291	0.0098
1.477468500030227	0.0073
1.4805983999976888	0.0073
1.4838043000781909	0.0073
1.4868551000254229	0.0073
1.489934500074014	0.0098
1.4926450999919325	0.0073
1.4955741000594571	0.0073
1.4985961000202224	0.0073
1.5028230000752956	0.0049
1.5058289000298828	0.0073
1.5085699000628665	0.0049
1.5116464999737218	0.0073
1.5148072000592947	0.0073
1.5178470000391826	0.0073
1.5219041999662295	0.0098
1.524487999966368	0.0049
1.5275730000576004	0.0073
1.5308235000120476	0.0073
1.5338355000130832	0.0073
1.5366421999642625	0.0098
1.5395462000742555	0.0073
1.5428449000464752	0.0073
1.5456552000250667	0.0073
1.5488494000164792	0.0073
1.551667100051418	0.0073
1.5547935999929905	0.0073
1.5584819000214338	0.0073
1.5615239000180736	0.0073
1.5645137999672443	0.0073
1.5675342000322416	0.0073
1.5705095999874175	0.0073
1.5736314000096172	0.0073
1.5765706000383943	0.0073
1.5795175000093877	0.0049
1.582513300003484	0.0098
1.5855375999817625	0.0073
1.588505099993199	0.0073
1.591500599985011	0.0073
1.5945284999907017	0.0073
1.5985677000135183	0.0098
1.6015336000127718	0.0098
1.6044957999838516	0.0073
1.607488700072281	0.0073
1.6106329000322148	0.0098
1.6135714000556618	0.0098
1.6175347999669611	0.0073
1.6205786999780685	0.0073
1.6237932000076398	0.0073
1.6266248000320047	0.0098
1.6295820999657735	0.0049
1.6325487999711186	0.0049
1.6356406999984756	0.0073
1.638720600050874	0.0073
1.6415467000333592	0.0073
1.6445892000338063	0.0073
1.6475428000558168	0.0073
1.6505486000096425	0.0073
1.654494300018996	0.0098
1.6575147999683395	0.0073
1.6605649000266567	0.0098
1.6636053000111133	0.0073
1.666536399978213	0.0073
1.669608399970457	0.0073
1.6728836999973282	0.0098
1.675799300079234	0.0098
1.6786412000656128	0.0098
1.6815564000280574	0.0073
1.6845569000579417	0.0098
1.6875722999684513	0.0049
1.690589200006798	0.0098
1.6946559000061825	0.0098
1.6975521000567824	0.0098
1.7006366000277922	0.0073
1.7035500999772921	0.0098
1.7065690000308678	0.0098
1.7095892999786884	0.0073
1.7135141000617296	0.0073
1.7168328000698239	0.0098
1.7197288000024855	0.0073
1.7228328000055626	0.0073
1.7255165000678971	0.0073
1.7287115000654012	0.0098
1.731807200005278	0.0098
1.7348017999902368	0.0098
1.7378200000384822	0.0098
1.7408351000631228	0.0098
1.7438101000152528	0.0098
1.7466681000078097	0.0098
1.7508529999759048	0.0073
1.7538309000665322	0.0049
1.7567372000776231	0.0098
1.7596875000745058	0.0098
1.7626541000790894	0.0098
1.765591699979268	0.0073
1.769656499964185	0.0073
1.7726248999824747	0.0073
1.7758136000484228	0.0098
1.778792200027965	0.0098
1.7816726000746712	0.0098
1.7846633000299335	0.0073
1.7876173000549898	0.0098
1.793483900022693	0.0073
1.796657699975185	0.0073
1.7996099999872968	0.0098
1.8026754000457004	0.0073
1.8056757000740618	0.0073
1.811243399977684	0.0073
1.8156253000488505	0.0073
1.818665700033307	0.0073
1.8216638000449166	0.0098
1.8246155000524595	0.0073
1.82766619999893	0.0073
1.830652500037104	0.0098
1.8336167000234127	0.0098
1.83653760002926	0.0098
1.8396574000362307	0.0098
1.842871200060472	0.0073
1.8454556000651792	0.0098
1.848572300048545	0.0098
1.8529586000368	0.0073
1.8556723999790847	0.0098
1.8587755999760702	0.0098
1.861527599976398	0.0098
1.8646052000112832	0.0098
1.8676158000016585	0.0122
1.8704929000232369	0.0073
1.873654399998486	0.0098
1.8765791000332683	0.0098
1.879522499977611	0.0098
1.882636700058356	0.0098
1.8857888000784442	0.0073
1.888821700005792	0.0098
1.8928015000419691	0.0073
1.8958572000265121	0.0098
1.8988215000135824	0.0098
1.9016876000678167	0.0098
1.9048012000275776	0.0098
1.9078403000021353	0.0098
1.9118849000660703	0.0098
1.9144468000158668	0.0098
1.917628200026229	0.0122
1.9206025999737903	0.0098
1.9235972000751644	0.0098
1.9265395000111312	0.0098
1.9298554999986663	0.0098
1.9327141999965534	0.0098
1.9355516000650823	0.0098
1.9385861000046134	0.0098
1.941598100005649	0.0098
1.9447075000498444	0.0098
1.9488814000505954	0.0098
1.9515669000102207	0.0098
1.9546898000407964	0.0122
1.9574805999873206	0.0098
1.9608466000063345	0.0098
1.9638271000003442	0.0098
1.966580200009048	0.0098
1.9696657999884337	0.0098
1.972579500055872	0.0098
1.9756848000688478	0.0098
1.9785245000384748	0.0098
1.9816110000247136	0.0098
1.9845965000567958	0.0098
1.9886284000240266	0.0098
1.9915142999961972	0.0098
1.994625800056383	0.0098
1.997584700002335	0.0098
2.0004890999989584	0.0098
2.0034873000113294	0.0098
2.007502599968575	0.0098
2.0106786000542343	0.0098
2.0135038000298664	0.0073
2.0164996000239626	0.0098
2.0197290000505745	0.0098
2.0224147000117227	0.0122
2.025495700072497	0.0122
2.028486100025475	0.0122
2.0314111000625417	0.0098
2.034489499987103	0.0122
2.0374359000707045	0.0122
2.04052010003943	0.0098
2.0445813999976963	0.0098
2.0474198000738397	0.0098
2.050482999999076	0.0098
2.0534144999692217	0.0098
2.0565181999700144	0.0073
2.0597923999885097	0.0098
2.062486800015904	0.0073
2.0655598000157624	0.0073
2.0688000000081956	0.0073
2.071502899983898	0.0122
2.0744956000708044	0.0073
2.077626100042835	0.0098
2.080495600006543	0.0073
2.0844851000001654	0.0098
2.0874831000110134	0.0073
2.09051830007229	0.0073
2.0937237000325695	0.0073
2.0964645000640303	0.0073
2.0993689000606537	0.0098
2.103501099976711	0.0049
2.1065240000607446	-0.0024
2.1095401999773458	-0.0073
2.11248610005714	-0.0073
2.1155023999745026	-0.0024
2.118453099974431	-0.0024
2.121851500007324	-0.0073
2.1245109000010416	-0.0098
2.1278326000319794	-0.0073
2.130704000010155	-0.0049
2.1338577000424266	-0.0024
2.136747300042771	-0.0024
2.1405086000449955	-0.0024
2.143497299985029	-0.0024
2.14658950001467	-0.0024
2.1496484000235796	-0.0049
2.1527687000343576	-0.0024
2.155536700040102	-0.0049
2.1585136000066996	-0.0049
2.1615335000678897	-0.0024
2.164601400028914	-0.0073
2.1675994000397623	-0.0024
2.170630400069058	-0.0049
2.1736289999680594	-0.0024
2.177041499991901	-0.0024
2.180566200055182	-0.0024
2.1837857000064105	-0.0024
2.1866247999714687	-0.0024
2.1895594999659806	-0.0024
2.1946897000307217	-0.0049
2.1976352999918163	-0.0024
2.2015971000073478	-0.0024
2.2046216999879107	-0.0024
2.2076051000040025	-0.0073
2.210789700038731	-0.0024
2.2135330999735743	-0.0049
2.216559899970889	-0.0024
2.21970560005866	-0.0024
2.222510699997656	-0.0049
2.225629699998535	-0.0049
2.2286146000260487	-0.0049
2.2315350000280887	-0.0049
2.2346273000584915	-0.0049
2.238526900066063	-0.0024
2.2416380000067875	-0.0024
2.2446315999841318	-0.0024
2.247651300043799	-0.0024
2.2505646999925375	-0.0024
2.253641300019808	-0.0049
2.256518300040625	-0.0024
2.2595658000791445	-0.0024
2.262470700079575	0.0000
2.265529799973592	-0.0049
2.2685638000257313	-0.0049
2.2718364000320435	-0.0024
2.274532400071621	-0.0024
2.278495999984443	-0.0049
2.2815868000034243	-0.0049
2.2845227000070736	-0.0024
2.2874458000296727	-0.0024
2.290518100024201	-0.0024
2.2938794000074267	-0.0049
2.2975423000752926	-0.0049
2.3005940000293776	-0.0049
2.303564100060612	-0.0024
2.3063708000117913	-0.0049
2.3099164000013843	-0.0024
2.312578000011854	-0.0024
2.315563500043936	-0.0049
2.31881309999153	-0.0024
2.321909800055437	-0.0024
2.3245888999663293	-0.0049
2.327501100022346	-0.0049
2.3304934999905527	-0.0024
2.334587100078352	-0.0024
2.3375090999761596	-0.0024
2.3407742000417784	-0.0024
2.3435307000763714	-0.0049
2.3465815000236034	-0.0024
2.3499176000477746	-0.0024
2.35257200000342	-0.0024
2.355570500018075	-0.0024
2.3588579000206664	-0.0024
2.361859400058165	-0.0024
2.3648561000591144	-0.0024
2.3675223999889567	-0.0049
2.3704316000221297	-0.0049
2.3745864999946207	-0.0024
2.3775560000212863	-0.0049
2.3806065999669954	-0.0024
2.3836041999747977	-0.0049
2.386564200045541	-0.0024
2.389689499977976	-0.0024
2.393599500064738	-0.0024
2.3966639999998733	-0.0024
2.399614499998279	-0.0024
2.402543200063519	-0.0024
2.405635799979791	-0.0024
2.408580700051971	-0.0024
2.4116019000066444	-0.0024
2.414629300008528	-0.0024
2.417650999967009	-0.0024
2.4205995000666007	-0.0049
2.4236464999848977	-0.0049
2.426672999979928	-0.0024
2.4304898000555113	-0.0024
2.433704899973236	-0.0024
2.4369317999808118	-0.0024
2.4395511000184342	-0.0024
2.4426204999908805	-0.0024
2.445540099986829	-0.0049
2.448770200018771	-0.0024
2.451634500059299	-0.0024
2.454782500048168	-0.0024
2.457710099988617	-0.0049
2.4608872999669984	-0.0024
2.4635976999998093	-0.0024
2.4666617000475526	-0.0024
2.470597599982284	-0.0024
2.4735274000559	-0.0024
2.476683699991554	-0.0024
2.4796583000570536	-0.0049
2.4828592999838293	-0.0049
2.485908600036055	-0.0024
2.4896295000799	-0.0024
2.4928707000799477	-0.0049
2.4955746000632644	-0.0049
2.4985719000687823	-0.0024
2.5018460999708623	-0.0049
2.504587800009176	-0.0024
2.507601200020872	-0.0024
2.510649000061676	-0.0049
2.5137938000261784	-0.0024
2.5168164999922737	-0.0024
2.519782099989243	-0.0024
2.522825699998066	-0.0024
2.526760800043121	-0.0024
2.52979860000778	-0.0024
2.5328349000774324	-0.0049
2.5358345999848098	-0.0049
2.538846299983561	-0.0024
2.5417803999735042	-0.0024
2.5447864000452682	-0.0024
2.547755700070411	-0.0024
2.55080630001612	-0.0049
2.5538439999800175	-0.0024
2.556800300022587	-0.0024
2.55979379999917	-0.0024
2.5628048999933526	-0.0024
2.5666551999747753	-0.0073
2.570072600035928	-0.0049
2.5728728000540286	-0.0024
2.5757125000236556	-0.0024
2.5786704000784084	-0.0024
2.581670799991116	-0.0049
2.5856701000593603	-0.0024
2.5886384000768885	-0.0024
2.5919119999744	-0.0049
2.595251000020653	-0.0049
2.598665500059724	-0.0024
2.601591399987228	-0.0024
2.6046466999687254	-0.0049
2.607609000056982	-0.0024
2.610613299999386	-0.0049
2.6136939000571147	-0.0024
2.616606399999	-0.0024
2.619794600061141	-0.0049
2.6236451000440866	-0.0024
2.6266098000342026	-0.0024
2.6296196000184864	-0.0024
2.632718199980445	-0.0024
2.6356154000386596	-0.0024
2.6386281000450253	-0.0024
2.6416398000437766	-0.0024
2.6449199999915436	-0.0049
2.6475622999714687	-0.0049
2.650661600055173	-0.0049
2.6537049000617117	-0.0049
2.6565239999908954	-0.0049
2.659658299991861	-0.0024
2.6635574999963865	-0.0024
2.666627199971117	-0.0024
2.6696183000458404	-0.0049
2.6725302999839187	-0.0024
2.675657600047998	-0.0024
2.678851900040172	-0.0024
2.68270670005586	-0.0024
2.6856178999878466	-0.0049
2.6885371999815106	-0.0049
2.6916058000642806	-0.0024
2.694897699984722	-0.0024
2.697859500069171	-0.0049
2.7007379999849945	-0.0049
2.7037122000474483	-0.0049
2.7067380000371486	-0.0024
2.709579600021243	-0.0024
2.71254089998547	-0.0024
2.715689899981953	-0.0049
2.7197304000146687	-0.0049
2.7225821000756696	-0.0024
2.7255888000363484	-0.0049
2.7286082999780774	-0.0024
2.7317036000313237	-0.0049
2.7347000000299886	-0.0049
2.737798499991186	-0.0049
2.740702799987048	-0.0049
2.743782600038685	-0.0049
2.74671820004005	-0.0024
2.749691199976951	-0.0049
2.7527244000229985	-0.0024
2.7557644000044093	-0.0024
2.759798099985346	-0.0024
2.762577799963765	-0.0024
2.76567510003224	-0.0024
2.7685101999668404	-0.0049
2.771874299971387	-0.0024
2.774635700043291	-0.0024
2.778547400026582	-0.0024
2.7816129999700934	-0.0024
2.784574000048451	-0.0049
2.7876153000397608	-0.0024
2.7906776000745595	-0.0024
2.7935470000375062	-0.0049
2.7966521000489593	-0.0049
2.7995957999955863	-0.0024
2.8025820000329986	0.0000
2.8056260000448674	-0.0049
2.808601099997759	-0.0049
2.8115530000068247	-0.0049
2.815654900041409	-0.0024
2.8185971999773756	-0.0024
2.8215383000206202	-0.0024
2.824657200020738	-0.0049
2.8279061000794172	-0.0049
2.830514800036326	-0.0049
2.8336945000337437	-0.0024
2.8368203999707475	-0.0049
2.839430100051686	-0.0024
2.842615699977614	-0.0049
2.8459109000395983	-0.0049
2.848677000030875	-0.0049
2.8516237000003457	-0.0024
2.8554957000305876	-0.0024
2.8586041000671685	-0.0049
2.8615701000671834	-0.0024
2.8646196000045165	-0.0024
2.8676135999849066	-0.0024
2.8706714999862015	-0.0049
2.8746783999959007	-0.0024
2.877576300059445	-0.0049
2.8806099999928847	-0.0024
2.8836495999712497	-0.0024
2.8865871999878436	-0.0024
2.8894718000665307	-0.0024
2.8926648000488058	-0.0024
2.895896599977277	-0.0024
2.8985552999656647	-0.0024
2.901791400043294	-0.0024
2.904713400057517	-0.0049
2.9077902999706566	-0.0024
2.9115149000426754	-0.0024
2.91459040006157	-0.0024
2.917673400021158	-0.0024
2.9206160000758246	-0.0024
2.9236668000230566	-0.0024
2.9265724000288174	-0.0024
2.929834400070831	-0.0024
2.9327741999877617	-0.0049
2.935651700012386	-0.0049
2.938731800066307	-0.0073
2.9417721000500023	-0.0024
2.9447845000540838	-0.0049
2.9478340999921784	-0.0024
2.9516406999900937	-0.0049
2.9548117000376806	-0.0024
2.957806200021878	-0.0049
2.9608052000403404	-0.0049
2.9637873000465333	-0.0024
2.966812300030142	-0.0049
2.9708311000140384	-0.0024
2.9738163000438362	-0.0049
2.9767256000777707	-0.0024
2.9796166999731213	-0.0049
2.982620200025849	-0.0024
2.9858349000569433	-0.0024
2.994653500034474	-0.0049
2.99769870005548	-0.0049
3.000645300024189	-0.0049
3.003685100004077	-0.0024
3.006664599990472	-0.0024
3.0095019000582397	-0.0024
3.0135933000128716	-0.0024
3.016717700054869	-0.0024
3.019755300018005	-0.0024
3.0226125000044703	-0.0024
3.0255588999716565	-0.0049
3.028678599977866	-0.0024
3.031601499998942	-0.0049
3.0345628999639302	-0.0024
3.037616200046614	-0.0049
3.040628300048411	-0.0024
3.0435359000694007	-0.0049
3.0465169000672176	-0.0024
3.049621000071056	-0.0024
3.0535130000207573	0.0000
3.056597899994813	-0.0024
3.0598306000465527	-0.0024
3.0628283000551164	-0.0049
3.0656506000086665	-0.0024
3.068555500009097	-0.0073
3.0726500999880955	-0.0049
3.0756393000483513	-0.0024
3.0787482999730855	-0.0049
3.0816832999698818	-0.0049
3.084635499981232	-0.0024
3.087532800040208	-0.0024
3.090681100031361	-0.0024
3.09403779997956	-0.0024
3.0965265000704676	-0.0024
3.099709999980405	-0.0049
3.1026969000231475	-0.0049
3.1056944000301883	-0.0024
3.109794200048782	-0.0049
3.1125115000177175	-0.0049
3.115709300036542	-0.0049
3.118833100073971	-0.0049
3.1218312999699265	-0.0024
3.124739699997008	-0.0049
3.12777530006133	-0.0024
3.130689400015399	-0.0024
3.1337150000035763	-0.0024
3.1365992000792176	-0.0024
3.139780899975449	-0.0024
3.142581899999641	-0.0024
3.145509200054221	-0.0024
3.1497722000349313	-0.0024
3.152572700055316	-0.0024
3.155581600032747	-0.0049
3.1587219999637455	-0.0024
3.1618894999846816	-0.0049
3.164502599975094	-0.0024
3.1684715000446886	-0.0024
3.1714974000351503	-0.0049
3.17472180002369	-0.0049
3.177516800002195	-0.0024
3.1805793000385165	-0.0024
3.1835907000349835	-0.0049
3.1866589999990538	-0.0049
3.189592399983667	-0.0024
3.192521500051953	-0.0049
3.1956860000500455	-0.0024
3.1985840999986976	-0.0024
3.2015203000046313	-0.0024
3.2055952000664547	-0.0024
3.2088393999729306	-0.0049
3.211627700016834	-0.0073
3.2146395000163466	-0.0024
3.2175549999810755	-0.0049
3.2206538000609726	-0.0024
3.223587100044824	-0.0024
3.2267824000446126	-0.0024
3.2300129000796005	-0.0024
3.2326710000634193	-0.0024
3.2355376000050455	-0.0024
3.2386503000743687	-0.0049
3.2415651000337675	-0.0024
3.2456136000109836	-0.0024
3.2487484000157565	-0.0024
3.251568700070493	-0.0024
3.254513500025496	-0.0024
3.2576281999936327	-0.0049
3.260916900006123	-0.0049
3.2647673999890685	-0.0024
3.267569200019352	-0.0024
3.270566700026393	-0.0024
3.2735884999856353	-0.0024
3.276565400068648	-0.0024
3.2798745000036433	-0.0024
3.2826769000384957	-0.0049
3.2856418000301346	-0.0024
3.288509299978614	-0.0024
3.2916755999904126	-0.0024
3.2947028999915347	-0.0049
3.2976036000763997	-0.0049
3.3015827999915928	-0.0024
3.304885399993509	-0.0024
3.3078935999656096	-0.0049
3.310804500011727	-0.0024
3.3135395999997854	-0.0049
3.3167475999798626	-0.0024
3.3198712000157684	-0.0024
3.3228283000644296	-0.0024
3.3257706000003964	-0.0024
3.328762000077404	-0.0024
3.3318131000269204	-0.0024
3.334807000006549	-0.0024
3.3375982000725344	-0.0024
3.3416375999804586	-0.0024
3.344737100065686	-0.0049
3.3475840999744833	-0.0024
3.35073090007063	-0.0049
3.353793299989775	-0.0024
3.3567961000371724	-0.0049
3.3606190000427887	-0.0049
3.363679000060074	-0.0049
3.366641900036484	-0.0024
3.369827500078827	-0.0024
3.3727810999844223	-0.0049
3.375802000053227	-0.0024
3.3787977000465617	-0.0049
3.3815850999671966	-0.0024
3.3845801000716165	-0.0024
3.3876244999701157	-0.0024
3.390637299977243	-0.0024
3.3936524000018835	-0.0024
3.397639699978754	-0.0024
3.4007668000413105	-0.0049
3.403640100033954	-0.0024
3.4066718000685796	-0.0049
3.409585400018841	-0.0049
3.412781900027767	-0.0024
3.4155021000187844	-0.0024
3.4185799000551924	-0.0049
3.4215383999980986	-0.0049
3.424534499994479	-0.0024
3.4275482000084594	-0.0049
3.430547400028445	-0.0024
3.433516400051303	-0.0024
3.4375539000611752	-0.0049
3.440537100075744	-0.0024
3.443484300049022	-0.0049
3.446859800023958	-0.0024
3.4495403000619262	-0.0073
3.452523700078018	-0.0024
3.456533499993384	-0.0049
3.4595145999919623	-0.0024
3.4626342999981716	-0.0024
3.465480800019577	-0.0049
3.4685073000146076	-0.0024
3.471507200039923	-0.0049
3.474562200019136	-0.0049
3.4775207000784576	-0.0024
3.48060470004566	-0.0024
3.4834941000444815	0.0000
3.4865525000495836	-0.0049
3.4898537000408396	0.0000
3.49351659999229	-0.0049
3.4967272999929264	-0.0024
3.4995265000034124	-0.0024
3.50248610007111	-0.0049
3.5054990000789985	-0.0049
3.5085115999681875	-0.0024
3.5115614000242203	-0.0024
3.514591500046663	-0.0049
3.5175391000229865	-0.0024
3.5204977999674156	-0.0024
3.523516900022514	-0.0024
3.5265249999938533	-0.0024
3.5297102000331506	-0.0049
3.5335777000291273	-0.0049
3.5367723000235856	-0.0049
3.539607600076124	-0.0049
3.542792799999006	-0.0049
3.5456508999923244	-0.0024
3.5488740999717265	-0.0049
3.5528094000183046	-0.0024
3.555753899971023	-0.0024
3.55882160004694	-0.0024
3.5618025000439957	-0.0049
3.5646596000296995	-0.0024
3.5676386000122875	-0.0049
3.5706978000234812	-0.0049
3.573657099972479	-0.0024
3.5768117000116035	-0.0024
3.579891200060956	-0.0024
3.5825903000077233	-0.0049
3.585631199995987	-0.0049
3.5895634000189602	-0.0024
3.5925795000512153	-0.0024
3.595524500007741	0.0000
3.5986547999782488	-0.0049
3.6016533999936655	-0.0024
3.604599400074221	-0.0024
3.607522699981928	-0.0049
3.6106608000118285	-0.0024
3.6136583000188693	-0.0049
3.6165702000726014	-0.0024
3.619613000075333	-0.0024
3.622659799992107	-0.0049
3.625531099969521	-0.0049
3.6295269000111148	-0.0024
3.6325785999652	-0.0049
3.635497200069949	0.0000
3.6385179000208154	-0.0049
3.6415155000286177	0.0000
3.6448028000304475	-0.0024
3.648616199963726	-0.0024
3.6515773000428453	-0.0024
3.6545822999905795	-0.0049
3.657552400021814	-0.0049
3.660509900073521	-0.0024
3.6637343000620604	-0.0024
3.666572600021027	-0.0049
3.6695163999684155	-0.0049
3.6724987999768928	-0.0049
3.675582400057465	-0.0049
3.678505999967456	-0.0049
3.6815902000525966	-0.0024
3.685614400077611	-0.0049
3.688507999991998	-0.0049
3.6915798999834806	-0.0049
3.694549100007862	-0.0024
3.6977086999686435	-0.0049
3.700520700076595	-0.0049
3.703548299963586	-0.0049
3.7064911000197753	-0.0024
3.7095980000449345	-0.0024
3.7125343000516295	-0.0024
3.7154827000340447	-0.0024
3.71859589999076	-0.0049
3.7216001000488177	-0.0024
3.7255588000407442	-0.0049
3.7285924999741837	-0.0024
3.7317353000398725	-0.0024
3.7346011999761686	-0.0024
3.7375989999854937	-0.0049
3.7408216000767425	-0.0024
3.7445834999671206	-0.0049
3.747486100066453	-0.0049
3.7504883999936283	-0.0049
3.753774099983275	-0.0024
3.7568545000394806	-0.0049
3.7597396000055596	-0.0049
3.7627836000174284	-0.0073
3.7655840000370517	-0.0024
3.7688601000700146	-0.0024
3.771832099999301	-0.0024
3.774478300008923	-0.0049
3.777823399985209	-0.0024
3.7814721000613645	-0.0024
3.784853699966334	-0.0024
3.787486399989575	-0.0049
3.7904851000057533	-0.0049
3.793547800043598	-0.0049
3.7964954000199214	-0.0049
3.7994981000665575	-0.0049
3.8025926999980584	-0.0073
3.805632899980992	-0.0024
3.8086421000771224	-0.0049
3.811565399984829	-0.0024
3.8145770999835804	-0.0024
3.817653900012374	-0.0024
3.821919900015928	-0.0049
3.824668399989605	-0.0024
3.8275667000561953	-0.0049
3.8305969999637455	-0.0049
3.833691200008616	-0.0024
3.836618300061673	-0.0024
3.8405750000383705	-0.0024
3.843587400042452	-0.0024
3.8467158999992535	-0.0049
3.8495533000677824	-0.0024
3.852586799999699	-0.0024
3.8557985000079498	-0.0024
3.8586730000097305	-0.0024
3.8615778000093997	-0.0049
3.864859199966304	-0.0024
3.867503200075589	-0.0024
3.870691300020553	-0.0024
3.873858100036159	-0.0024
3.8776325000217184	-0.0049
3.8808302000397816	-0.0024
3.883583900053054	-0.0024
3.886623900034465	-0.0024
3.8894277999643236	-0.0024
3.892545000067912	-0.0024
3.8956612000474706	0.0000
3.898739799973555	-0.0049
3.9014997000340372	-0.0049
3.9048790000379086	-0.0049
3.9076914000324905	-0.0024
3.9106529999990016	-0.0024
3.913828399963677	-0.0024
3.9176085999934003	-0.0024
3.920850900001824	-0.0024
3.9238356000278145	-0.0024
3.9266079000663012	-0.0049
3.929603800061159	-0.0024
3.9325527000473812	-0.0024
3.936793899978511	-0.0049
3.939535800018348	-0.0024
3.942591500002891	-0.0049
3.945750300073996	-0.0024
3.9485396000090986	-0.0024
3.951798800029792	-0.0049
3.9545810000272468	-0.0024
3.9575943000381812	-0.0049
3.9607119000284	-0.0049
3.963832600042224	-0.0024
3.966778800007887	-0.0049
3.969807600020431	-0.0024
3.9737144999671727	-0.0024
3.976558299968019	-0.0024
3.979811600060202	-0.0024
3.982854100060649	-0.0024
3.985859000007622	-0.0049
3.988933900021948	-0.0049
3.991609500022605	-0.0049
3.9946610999759287	-0.0024
3.997557200025767	-0.0024
4.00067990005482	-0.0024
4.003582200035453	-0.0049
4.0065164000261575	0.0000
4.00952540000435	-0.0049
4.0136350999819115	-0.0024
4.0167087999871	-0.0049
4.0195514999795705	-0.0024
4.022519799997099	-0.0024
4.025849099969491	-0.0024
4.0286740000592545	-0.0024
4.032634500064887	-0.0024
4.035539300064556	-0.0024
4.0386534000281245	-0.0024
4.041920599993318	-0.0049
4.044668200076558	-0.0024
4.047679200069979	-0.0024
4.0505316000198945	-0.0049
4.053661899990402	-0.0049
4.0566215000581	-0.0024
4.059522600029595	-0.0049
4.062665199977346	-0.0024
4.065705200075172	-0.0049
4.069711200078018	-0.0049
4.072678399970755	-0.0781
4.0755651000654325	-0.0122
4.07867429999169	-0.0098
4.081947400001809	-0.0024
4.084636599989608	-0.0024
4.087651600013487	-0.0049
4.090644499985501	-0.0171
4.093545500072651	-0.0171
4.09660960000474	-0.0269
4.099662399967201	-0.0171
4.102514700032771	-0.0195
4.105516200070269	-0.0171
4.1096747000701725	-0.0171
4.112585199996829	-0.0146
4.115823699976318	-0.0146
4.118710800074041	-0.0146
4.121858400059864	-0.0171
4.124815399991348	-0.0146
4.128545499988832	-0.0171
4.131549300043844	-0.0171
4.134607200045139	-0.0171
4.137741300044581	-0.0171
4.1405897999648005	-0.0171
4.143641300033778	-0.0146
4.146608800045215	-0.0146
4.149559900048189	-0.0171
4.152744499966502	-0.0171
4.1555842000525445	-0.0146
4.158793100039475	-0.0122
4.1618007000070065	-0.0122
4.165586000075564	-0.0146
4.168870200053789	-0.0171
4.171512800035998	-0.0146
4.174853399978019	-0.0146
4.177696699975058	-0.0146
4.180675400071777	-0.0122
4.183625400066376	-0.0146
4.186681400053203	-0.0122
4.18981370003894	-0.0146
4.192553200060502	-0.0146
4.195530900033191	-0.0146
4.19855039997492	-0.0146
4.201560200075619	-0.0146
4.205566200078465	-0.0146
4.208920900011435	-0.0146
4.211573900072835	-0.0146
4.214592800009996	-0.0146
4.217517700046301	-0.0146
4.220630600000732	-0.0171
4.22480019996874	-0.0146
4.227530500036664	-0.0146
4.230576900066808	-0.0171
4.233548999996856	-0.0146
4.236551400041208	-0.0146
4.239520600065589	-0.0146
4.242511700023897	-0.0171
4.245654199970886	-0.0146
4.248928699991666	-0.0146
4.251525899977423	-0.0171
4.2546589999692515	-0.0171
4.257643299992196	-0.0171
4.261523499968462	-0.0171
4.26457020000089	-0.0146
4.267520299996249	-0.0146
4.270542400074191	-0.0171
4.273618799983524	-0.0171
4.276518800063059	-0.0171
4.279654000070877	-0.0171
4.282702399999835	-0.0171
4.28551780001726	-0.0171
4.288653700030409	-0.0146
4.291814900003374	-0.0146
4.294555900036357	-0.0146
4.297574399970472	-0.0146
4.301509300014004	-0.0146
4.304594399989583	-0.0146
4.307755500078201	-0.0146
4.310606200015172	-0.0146
4.313605400035158	-0.0146
4.316646600025706	-0.0146
4.320603300002404	-0.0146
4.323825199971907	-0.0146
4.326601800043136	-0.0146
4.329584200051613	-0.0146
4.332578500034288	-0.0146
4.335635500028729	-0.0122
4.338517799973488	-0.0171
4.34174309996888	-0.0146
4.344509300077334	-0.0146
4.34795700001996	-0.0146
4.350861300015822	-0.0171
4.353637999971397	-0.0122
4.3577869000146165	-0.0122
4.360510500031523	-0.0098
4.363834100076929	-0.0122
4.366601700079627	-0.0146
4.3698580000782385	-0.0122
4.372549199964851	-0.0122
4.3755655999993905	-0.0122
4.378859200049192	-0.0146
4.381509899976663	-0.0122
4.384604400023818	-0.0122
4.387845500023104	-0.0122
4.3907682000426576	-0.0122
4.393769999966025	-0.0122
4.397545999963768	-0.0122
4.400604499969631	-0.0122
4.403570899972692	-0.0146
4.406671300064772	-0.0122
4.409576500067487	-0.0098
4.412700399989262	-0.0122
4.416828499990515	-0.0122
4.419670399976894	-0.0122
4.422632600064389	-0.0122
4.4257692999672145	-0.0098
4.42876470007468	-0.0122
4.4315685000037774	-0.0098
4.434506900026463	-0.0122
4.4376666999887675	-0.0122
4.440733700059354	-0.0098
4.443680400028825	-0.0098
4.44691280007828	-0.0122
4.449709200067446	-0.0098
4.45363250002265	-0.0098
4.45669630006887	-0.0098
4.45962049998343	-0.0122
4.46266010007821	-0.0098
4.465781999984756	-0.0098
4.46862110006623	-0.0122
4.471642000018619	-0.0122
4.474562200019136	-0.0098
4.477641700068489	-0.0098
4.48074600007385	-0.0098
4.483542300062254	-0.0098
4.486593900015578	-0.0098
4.489674500073306	-0.0098
4.49367760005407	-0.0098
4.496941999997944	-0.0098
4.4997948000673205	-0.0098
4.502690599998459	-0.0098
4.505575000075623	-0.0098
4.50851870002225	-0.0122
4.512746199965477	-0.0098
4.515696300077252	-0.0098
4.518596000038087	-0.0073
4.521623500040732	-0.0098
4.524705699994229	-0.0098
4.527861400041729	-0.0098
4.530814600060694	-0.0073
4.5336175999837	-0.0122
4.536859099986032	-0.0098
4.539746799971908	-0.0098
4.542852299986407	-0.0098
4.545788699993864	-0.0098
4.549485199968331	-0.0098
4.552780100028031	-0.0098
4.555811000056565	-0.0098
4.55866199999582	-0.0098
4.561649200040847	-0.0098
4.564763100002892	-0.0098
4.567811400047503	-0.0122
4.570764400064945	-0.0073
4.573825899977237	-0.0098
4.576644400018267	-0.0098
4.579816600074992	-0.0073
4.582718100049533	-0.0098
4.585826799971983	-0.0098
4.589662400074303	-0.0098
4.592604500008747	-0.0098
4.5956006000051275	-0.0098
4.59861650003586	-0.0073
4.601618300075643	-0.0098
4.604610600043088	-0.0073
4.608711600070819	-0.0073
4.611635399982333	-0.0098
4.614604100002907	-0.0098
4.617716300068423	-0.0073
4.620657499996014	-0.0073
4.624019099981524	-0.0098
4.62661100004334	-0.0073
4.629688300075941	-0.0098
4.635356400045566	-0.0073
4.638654200010933	-0.0073
4.641755199991167	-0.0073
4.644538599997759	-0.0098
4.6486677000066265	-0.0073
4.651614699978381	-0.0098
4.654587500030175	-0.0073
4.657633800059557	-0.0073
4.660789299989119	-0.0073
4.6636959000024945	-0.0098
4.666967099998146	-0.0073
4.669565999996848	-0.0073
4.672699899994768	-0.0098
4.675624100025743	-0.0073
4.678571700002067	-0.0073
4.681681800051592	-0.0073
4.684669199981727	-0.0122
4.688534999964759	-0.0098
4.691617100033909	-0.0073
4.694603400072083	-0.0073
4.697562500019558	-0.0073
4.700768499984406	-0.0073
4.703579899971373	-0.0073
4.707571699982509	-0.0073
4.710657500079833	-0.0098
4.713813500013202	-0.0098
4.716900900006294	-0.0073
4.719489800045267	-0.0098
4.722593200043775	-0.0073
4.725853500072844	-0.0098
4.728586900047958	-0.0073
4.73189200006891	-0.0073
4.734769799979404	-0.0098
4.7378458000021055	-0.0073
4.740824899985455	-0.0073
4.744804500020109	-0.0073
4.747600400005467	-0.0122
4.750587800052017	-0.0073
4.75386980001349	-0.0098
4.75661330006551	-0.0073
4.759613099973649	-0.0073
4.762615300016478	-0.0098
4.765844800043851	-0.0073
4.768795000039972	-0.0098
4.771749200066552	-0.0073
4.77485709998291	-0.0073
4.777860900037922	-0.0098
4.78076560003683	-0.0098
4.784872199990787	-0.0098
4.7878178000682965	-0.0073
4.7908141000662	-0.0073
4.793607800034806	-0.0073
4.796604600036517	-0.0073
4.7996497000567615	-0.0073
4.803612599964254	-0.0073
4.806560600060038	-0.0073
4.809677500044927	-0.0073
4.812635899987072	-0.0073
4.8155363000696525	-0.0073
4.818603500025347	-0.0098
4.821747399982996	-0.0073
4.82456750003621	-0.0098
4.8276309000793844	-0.0073
4.830793200060725	-0.0073
4.833968200022355	-0.0073
4.836697499966249	-0.0073
4.840632600011304	-0.0073
4.84366290003527	-0.0073
4.8466389999957755	-0.0073
4.849724299972877	-0.0073
4.852676999988034	-0.0098
4.855613799998537	-0.0098
4.85854929999914	-0.0098
4.86166629998479	-0.0073
4.864611600060016	-0.0073
4.867660799995065	-0.0073
4.870651900069788	-0.0098
4.8739181000273675	-0.0073
4.876681399997324	-0.0098
4.880582600017078	-0.0098
4.883653199998662	-0.0073
4.886607400025241	-0.0098
4.889631600002758	-0.0098
4.8925341999856755	-0.0098
4.895663000061177	-0.0073
4.899546900065616	-0.0073
4.902682800078765	-0.0073
4.9056781000690535	-0.0073
4.908603399991989	-0.0098
4.911674399976619	-0.0098
4.914651000057347	-0.0073
4.917558899964206	-0.0073
4.920895599992946	-0.0073
4.9238154999911785	-0.0073
4.926570100011304	-0.0073
4.9296592000173405	-0.0098
4.932810600032099	-0.0073
4.936867400072515	-0.0073
4.93963200005237	-0.0073
4.942803699988872	-0.0073
4.945595600060187	-0.0073
4.948849700042047	-0.0073
4.951499699964188	-0.0073
4.954606199986301	-0.0073
4.95762460003607	-0.0098
4.96068700007163	-0.0073
4.963621300063096	-0.0073
4.966797500033863	-0.0073
4.969650299986824	-0.0098
4.972780600073747	-0.0073
4.976526300073601	-0.0073
4.979839700041339	-0.0098
4.982773600029759	-0.0098
4.985878800041974	-0.0073
4.988810200011358	-0.0073
4.991571599966846	-0.0098
4.995726400054991	-0.0098
4.998805399984121	-0.0073
5.00160960003268	-0.0073
5.004905199981295	-0.0073
5.0075396000174806	-0.0073
5.010455899988301	-0.0073
5.013644300051965	-0.0122
5.016558300005272	-0.0073
5.019642899977043	-0.0073
5.022559700068086	-0.0073
5.02558090002276	-0.0073
5.028582300059497	-0.0098
5.032629600027576	-0.0098
5.035524600069039	-0.0073
5.038552000070922	-0.0098
5.0415657999692485	-0.0073
5.04452360002324	-0.0073
5.047693500062451	-0.0073
5.05083600000944	-0.0073
5.053506499971263	-0.0073
5.0566492000361905	-0.0073
5.059644600027241	-0.0073
5.062534100026824	-0.0098
5.065626600058749	-0.0073
5.068627999979071	-0.0073
5.072642900049686	-0.0073
5.0755571000045165	-0.0098
5.078621200053021	-0.0073
5.081631700042635	-0.0073
5.0847988000605255	-0.0098
5.087416899972595	-0.0098
5.091553000034764	-0.0073
5.094817899982445	-0.0098
5.097474600072019	-0.0073
5.100641699973494	-0.0098
5.103544200072065	-0.0073
5.106552900047973	-0.0073
5.109683400020003	-0.0098
5.1125155000481755	-0.0098
5.115648900042288	-0.0098
5.118642900022678	-0.0073
5.121603499981575	-0.0073
5.12469940003939	-0.0098
5.128687800024636	-0.0098
5.131808900041506	-0.0098
5.134797199978493	-0.0073
5.137501200078987	-0.0073
5.140806299983524	-0.0098
5.143804099992849	-0.0098
5.1465090999845415	-0.0098
5.149757300037891	-0.0073
5.152475900016725	-0.0073
5.155795100028627	-0.0098
5.158514400012791	-0.0098
5.161601300002076	-0.0098
5.16485920001287	-0.0098
5.168576000025496	-0.0073
5.171745000057854	-0.0098
5.1745457000797614	-0.0098
5.177409900003113	-0.0073
5.18051460001152	-0.0073
5.183906399994157	-0.0098
5.187600800069049	-0.0098
5.190868100035004	-0.0098
5.193674299982376	-0.0073
5.196598700014874	-0.0098
5.19962069997564	-0.0098
5.20261160004884	-0.0098
5.20569820003584	-0.0098
5.20880240004044	-0.0073
5.211567000020295	-0.0098
5.214622200001031	-0.0073
5.217530800029635	-0.0098
5.220576700055972	-0.0073
5.2245128999929875	-0.0073
5.227563700056635	-0.0098
5.230608300073072	-0.0098
5.233459100010805	-0.0098
5.236554800067097	-0.0073
5.2396437000716105	-0.0098
5.2425400000065565	-0.0098
5.2456108999904245	-0.0073
5.2487654000287876	-0.0049
5.251917300047353	-0.0122
5.254653400043026	-0.0098
5.2575670999940485	-0.0073
5.260645600035787	-0.0098
5.264874999993481	-0.0073
5.267513200058602	-0.0073
5.270497599965893	-0.0073
5.27359019999858	-0.0073
5.276568099972792	-0.0098
5.279611199977808	-0.0073
5.283518200041726	-0.0098
5.286507899989374	-0.0098
5.289603100041859	-0.0073
5.29253430000972	-0.0073
5.295600900077261	-0.0073
5.2988740999717265	-0.0073
5.3018711999757215	-0.0098
5.304554400034249	-0.0098
5.307564100017771	-0.0098
5.310551900067367	-0.0098
5.313539700000547	-0.0098
5.316500200075097	-0.0098
5.320658500073478	-0.0073
5.323541400022805	-0.0073
5.326604000059888	-0.0098
5.329605799983256	-0.0098
5.332556699984707	-0.0073
5.335665400023572	-0.0073
5.338568600011058	-0.0073
5.341604100074619	-0.0073
5.344602499972098	-0.0073
5.34757179999724	-0.0098
5.3506058000493795	-0.0098
5.353539100033231	-0.0073
5.356603499967605	-0.0073
5.3605740000493824	-0.0098
5.363572600064799	-0.0073
5.366668500006199	-0.0098
5.369834700017236	-0.0073
5.372718899976462	-0.0073
5.375800400041044	-0.0073
5.379590500029735	-0.0073
5.382908500032499	-0.0073
5.385577699984424	-0.0073
5.388511799974367	-0.0073
5.391860999981873	-0.0073
5.3945494999643415	-0.0098
5.397504599997774	-0.0073
5.400854000006802	-0.0073
5.4036901000654325	-0.0073
5.406864200020209	-0.0073
5.409625399974175	-0.0073
5.412905600038357	-0.0073
5.416490599978715	-0.0073
5.419464600039646	-0.0073
5.422576899989508	-0.0073
5.4255892999935895	-0.0073
5.428541300003417	-0.0049
5.431547500076704	-0.0073
5.434480200055987	-0.0049
5.4375705000711605	-0.0073
5.440601099980995	-0.0073
5.443516700062901	-0.0073
5.446638499968685	-0.0073
5.44961690006312	-0.0073
5.45265410002321	-0.0073
5.456647500046529	-0.0073
5.459888300043531	-0.0098
5.46253949997481	-0.0073
5.465623600059189	-0.0073
5.468857700005174	-0.0073
5.4715187000110745	-0.0073
5.4756086000707	-0.0073
5.478623699978925	-0.0049
5.481560799991712	-0.0098
5.4847415999975055	-0.0073
5.487530100042932	-0.0073
5.490542500047013	-0.0073
5.493451100075617	-0.0073
5.49649849999696	-0.0049
5.4995909000281245	-0.0073
5.502750199986622	-0.0073
5.50548389996402	-0.0073
5.508557899971493	-0.0049
5.512552900006995	-0.0073
5.5156329000601545	-0.0073
5.51876650005579	-0.0073
5.521535700070672	-0.0073
5.524572700029239	-0.0073
5.527620000066236	-0.0049
5.530506000039168	-0.0049
5.533565700054169	-0.0073
5.536528800032102	-0.0073
5.539556700037792	-0.0073
5.542607499985024	-0.0073
5.545609700027853	-0.0049
5.548600299982354	-0.0073
5.552670500008389	-0.0073
5.55559370003175	-0.0073
5.558535100077279	-0.0073
5.5615847000153735	-0.0073
5.5645120000699535	-0.0073
5.567803199985065	-0.0049
5.5718429000116885	-0.0049
5.574891000054777	-0.0049
5.577804400003515	-0.0073
5.580797199974768	-0.0073
5.583808999974281	-0.0049
5.586531099979766	-0.0073
5.589619399979711	-0.0049
5.592851800029166	-0.0073
5.5955087000038475	-0.0073
5.59885040007066	-0.0073
5.6015948000131175	-0.0049
5.604520400054753	-0.0049
5.608807199983858	-0.0073
5.611689800047316	-0.0049
5.61474630003795	-0.0073
5.617415799992159	-0.0073
5.62088250007946	-0.0073
5.6238624000689015	-0.0049
5.626514900010079	-0.0049
5.629587600007653	-0.0073
5.632769400021061	-0.0073
5.635524800047278	-0.0049
5.6386815999867395	-0.0024
5.641656700056046	-0.0049
5.644563700072467	-0.0049
5.648621600004844	-0.0073
5.651761900051497	-0.0049
5.6546670000534505	-0.0049
5.657579199993052	-0.0073
5.66058929997962	-0.0073
5.663650800008327	-0.0049
5.667663100059144	-0.0049
5.67057770001702	-0.0049
5.673647299990989	-0.0073
5.676635000039823	-0.0049
5.679639599984512	-0.0073
5.6826502999756485	-0.0049
5.685960500035435	-0.0049
5.688633400015533	-0.0073
5.691573600051925	-0.0073
5.694531299988739	-0.0073
5.697693899972364	-0.0049
5.700629699975252	-0.0049
5.704686800017953	-0.0049
5.707633199985139	-0.0049
5.7106677000410855	-0.0073
5.713586300029419	-0.0073
5.716579100000672	-0.0073
5.719587599975057	-0.0049
5.722685100045055	-0.0049
5.72567249997519	-0.0049
5.72865130007267	-0.0049
5.731627600034699	-0.0049
5.7346089000348	-0.0049
5.737672500079498	-0.0073
5.740640399977565	-0.0073
5.7450664000352845	-0.0073
5.747585300006904	-0.0049
5.750798500026576	-0.0073
5.75361380004324	-0.0049
5.756835500011221	-0.0098
5.759672200074419	-0.0073
5.7636829999974	-0.0073
5.766506500076503	-0.0073
5.769498200039379	-0.0049
5.772551100002602	-0.0073
5.775542699964717	-0.0073
5.778857900062576	-0.0073
5.781869200058281	-0.0073
5.784776500076987	-0.0073
5.787563199992292	-0.0073
5.790729700005613	-0.0049
5.793615699978545	-0.0073
5.796792600071058	-0.0049
5.800821200013161	-0.0049
5.803618100006133	-0.0073
5.8067259000381455	-0.0073
5.809867299976759	-0.0049
5.812812600051984	-0.0073
5.8155495000537485	-0.0073
5.818687399965711	-0.0073
5.821548599982634	-0.0073
5.824790399987251	-0.0049
5.827740399981849	-0.0073
5.830566000076942	-0.0049
5.8335699000163	-0.0073
5.836531699984334	-0.0073
5.840613699983805	-0.0073
5.843598800012842	-0.0049
5.8465804000152275	-0.0073
5.849630400072783	-0.0049
5.853241199976765	-0.0049
5.85738359997049	-0.0073
5.861915200017393	-0.0073
5.864591800025664	-0.0049
5.8676652000285685	-0.0049
5.870912300073542	-0.0073
5.873595100012608	-0.0073
5.8766648999881	-0.0073
5.879907800001092	-0.0073
5.882646400015801	-0.0049
5.887750599998981	-0.0073
5.890623799990863	-0.0049
5.893655400024727	-0.0049
5.897204300039448	-0.0073
5.901580700068735	-0.0073
5.904901399975643	-0.0073
5.907602000050247	-0.0049
5.910688700038008	-0.0073
5.9140181000111625	-0.0049
5.916885900078341	-0.0073
5.920455600018613	-0.0073
5.923646699986421	-0.0073
5.9267549000214785	-0.0049
5.930140100070275	-0.0049
5.932550000026822	-0.0049
5.935634699999355	-0.0049
5.938620000029914	-0.0073
5.942645900067873	-0.0073
5.945599699974991	-0.0073
5.9485599000472575	-0.0073
5.951473900000565	-0.0073
5.954554700059816	-0.0073
5.957859699963592	-0.0098
5.961855300003663	-0.0073
5.964855900034308	-0.0073
5.967585299978964	-0.0098
5.97069820004981	-0.0073
5.9736108999932185	-0.0122
5.976592299994081	-0.0098
5.979859100072645	-0.0098
5.982681000023149	-0.0073
5.985707800020464	-0.0122
5.988806999986991	-0.0098
5.991889800061472	-0.0098
5.994854300050065	-0.0024
5.99847780005075	-0.0024
6.001852500019595	-0.0073
6.004586299997754	-0.0146
6.007888399995863	-0.0049
6.010584100033157	0.0000
6.013870400027372	-0.0073
6.016700800042599	-0.0073
6.019515600055456	0.0000
6.022868299973197	-0.0024
6.025868800003082	-0.0073
6.02862430003006	-0.0024
6.031607200042345	-0.0024
6.034858800005168	-0.0024
6.03858950000722	-0.0024
6.041873599984683	-0.0049
6.044625999988057	-0.0049
6.04754870000761	-0.0049
6.050622100010514	-0.0024
6.053760700044222	-0.0049
6.057629300048575	-0.0024
6.060726800002158	-0.0049
6.063628299976699	-0.0024
6.066652200068347	-0.0049
6.069536000024527	-0.0049
6.072656200034544	-0.0024
6.075623200042173	-0.0024
6.078523500007577	-0.0024
6.081645600032061	-0.0024
6.084978400031105	-0.0049
6.087735400069505	-0.0049
6.090590100036934	-0.0049
6.094486200017855	-0.0049
6.0976076000370085	-0.0049
6.100623200065456	-0.0024
6.103808799991384	-0.0049
6.106657600030303	-0.0049
6.109692399972118	-0.0049
6.112533000065014	-0.0024
6.115523400017992	-0.0049
6.118783300044015	-0.0049
6.121428300044499	-0.0024
6.124671900062822	-0.0024
6.12790830002632	-0.0024
6.130700699985027	-0.0024
6.134574400028214	-0.0024
6.137698200065643	-0.0024
6.140610900009051	-0.0049
6.143733200035058	-0.0024
6.1465059000765905	-0.0024
6.149690699996427	-0.0024
6.153587799984962	-0.0049
6.1568377000512555	-0.0049
6.159589700051583	-0.0024
6.162550900015049	-0.0049
6.165805500000715	-0.0024
6.168856600066647	-0.0024
6.171585300005972	-0.0024
6.174524300033227	-0.0024
6.177629800047725	-0.0024
6.1804156000725925	-0.0024
6.183679300011136	-0.0024
6.186523700016551	-0.0024
6.1909021000610664	-0.0049
6.1935436000349	-0.0024
6.196737400023267	-0.0024
6.199811900034547	-0.0024
6.2028562000487	-0.0049
6.205508599989116	-0.0024
6.208813300007023	-0.0024
6.211681600078009	-0.0024
6.214516000007279	0.0000
6.217789000016637	-0.0024
6.22052440000698	-0.0024
6.223622100078501	-0.0024
6.226857600035146	-0.0024
6.230680600041524	-0.0024
6.233657700009644	-0.0049
6.23685700003989	-0.0024
6.239812400075607	-0.0024
6.242718699970283	-0.0024
6.2459017999935895	-0.0049
6.321411899989471	-0.0024
6.324547900003381	-0.0024
6.327588599990122	-0.0049
6.330705999978818	-0.0024
6.333509600022808	-0.0049
6.33658220001962	-0.0049
6.339512399979867	-0.0024
6.34250350005459	-0.0024
6.34559210005682	-0.0049
6.348528900067322	-0.0024
6.351516199996695	-0.0024
6.354862099979073	-0.0024
6.3585182999959216	-0.0024
6.361538900062442	-0.0049
6.364582900074311	-0.0024
6.367910900036804	-0.0024
6.370925500057638	-0.0049
6.373674400034361	-0.0049
6.376531800022349	-0.0024
6.379508399986662	-0.0024
6.382616900024004	-0.0024
6.385694200056605	-0.0049
6.3886398000177	-0.0024
6.391641500056721	-0.0024
6.3945807999698445	-0.0049
6.3985860999673605	-0.0024
6.401828899979591	-0.0049
6.404676900012419	-0.0024
6.407864400069229	-0.0024
6.4108038999838755	-0.0049
6.413868800038472	0.0000
6.4178601000458	-0.0049
6.420553100062534	-0.0024
6.423525999998674	-0.0024
6.426784800016321	-0.0049
6.429394299979322	-0.0024
6.4328608000651	-0.0024
6.43581300007645	-0.0024
6.438510700012557	-0.0024
6.441606900072657	-0.0024
6.444861500058323	-0.0024
6.4478640999877825	-0.0024
6.450513400021009	-0.0024
6.454521600040607	-0.0024
6.457615599967539	-0.0024
6.4606162999989465	-0.0049
6.46360740007367	-0.0024
6.466551800025627	-0.0024
6.46967969997786	-0.0024
6.4726592999650165	-0.0049
6.475595699972473	-0.0024
6.478586500044912	-0.0049
6.4815879999659956	-0.0024
6.484516200027429	-0.0024
6.4877655999735	-0.0049
6.490566399996169	-0.0049
6.494742300012149	-0.0024
6.497508900007233	-0.0024
6.50056900002528	-0.0024
6.504346300032921	-0.0049
6.507569500012323	0.0000
6.510580400004983	-0.0049
6.514974700054154	-0.0049
6.517595699988306	-0.0049
6.521233499981463	-0.0024
6.524561200058088	-0.0049
6.5276115000015125	-0.0024
6.530534400022589	-0.0049
6.533579000039026	-0.0024
6.5365867000073195	-0.0024
6.539628700003959	-0.0024
6.542515399982221	-0.0024
6.545599100063555	-0.0049
6.548516500042751	-0.0049
6.552521500037983	-0.0049
6.55608290003147	-0.0024
6.559562399983406	-0.0024
6.562555200071074	-0.0024
6.565555999986827	-0.0024
6.568852000054903	-0.0049
6.571892100037076	-0.0024
6.5745436999714	-0.0049
6.577581400051713	-0.0024
6.580529200029559	-0.0024
6.583493100013584	-0.0049
6.586500799981877	-0.0049
6.589524500072002	-0.0024
6.593515700078569	-0.0049
6.596527400077321	-0.0024
6.599504300043918	-0.0024
6.60251050000079	-0.0024
6.60552970005665	-0.0049
6.608520200010389	-0.0024
6.6125325000612065	-0.0024
6.615524800028652	-0.0024
6.6185359000228345	-0.0024
6.621521200053394	-0.0024
6.624540299992077	-0.0024
6.627527500037104	-0.0073
6.6305274000624195	-0.0049
6.633527399972081	-0.0024
